9569322317
9990212085
9440323167
8892330033
9270200200
9817555418
8777529502
7330936877
8830954195
9307549483
9585405531
0771685583
1820034777
7302124143
7085442075
9078550705
9106537202
9549152986
8136825035
8739934523
9997385363
3415299801
7356935886
3038323453
0779080908
8018474544
9827157220
3495066499
7863985918
9810263403
0770180101
9995463453
9778768348
3351286475
8418079979
4558300923
8670672209
4999675843
7275815172
7850051164
7903419089
9852176193
7541816739
9990212065
1982381172
6294964721
9352232743
6263896997
1837372829
7983483107
8619927781
8081869958
7458933501
9316043811
8511844437
9122211065
9368651192
8128454436
3424234234
8538001772
9380613386
7719415904
9059205466
3375292876
9931414492
9355093158
8449212948
5550015580
7994587738
6200418961
0592447894
7025918932
9104132118
7665155746
6814181425
8005623730
8287844474
8446235765
9829566363
8079085542
8310614147
4196809863
8976681311
7455830611
7993662182
1120561374
9934553109
8700058801
0705793675
8766539293
7428911007
8848408942
9037308161
3201589548
3038499339
3257607934
6354584105
8208328998
0733651644
9153326467
0741839726
0743096659
9580459711
7000897899
9709776485
9696202937
9708879513
9381882802
9369135131
3022724760
6356045322
7208647009
7208647009
6307564330
3015473520
5063654295
7462815949
8688250798
6304660350
8869048553
3076480904
3176702284
9829566363
8688518871
6005747275
7653940569
9106009133
8984888962
0915770927
0547225064
7719610688
7877969187
8400194579
8331915578
7001258653
7986011576
9998075970
9700011090
9979560340
0748858397
5073150974
7043387898
7379370937
8866297936
6353021172
9745368685
0182578208
9319730647
9289525048
6282729586
1568827149
7623864429
6358921101
7707916877
8546024675
3230989392
9562897618
7771071807
8602902169
7009173413
9785026661
9142857113
6370771161
2709002291
8699057919
3174915321
4803313815
6381180461
3430978147
9518925118
9988551277
0476997814
8757586510
9284698193
8360226223
7980687273
7596970820
8767792472
8534089790
8252584063
9908329694
8374163913
8052507417
8866082685
8272752568
9519226126
9693867791
8111916300
9729197800
8866875195
9106421072
7005834727
9153657138
3127040220
6290128883
4248143446
9028077047
9467544303
8466919910
8170806993
9628779228
3208730347

9016744324
9009766217
7355387621
9875857998
8264298546
3400541340
9973001217
9065249763
5456448506
9801685783
7236985798
7878063384
7518586780
7317778433
7025367780
9643087700
9539940797
3359823428
9313209524
7052537742
5153306957
9790406611
6393909460
8780670515
8630652202
7371006235
9687941310
9306623619
8504907617
3333709367
3058055000
9202122943
8281022573
8815654175
7549534837
8927424605
8113885620
3063072168
8051835148
9472351987
7070011146
1234455667
9395084857
9064514963
2532858062
7846972202
9160773720
8546060369
7799600987
5351204311
7029575649
3155870641
8688349432
5351620636
7399879627
8273735326
8830346511
9445889582
9048272887
8777067023
9098204622
3249008753
8218761256
9813839889
7679225946
7658019536
8141615207
6383705857
9390153838
8999744833
8510909488
4774130214
6266378587
9160835019
9059919280
3026798811
3359542742
9124312234
9123412243
6376114963
7796430811
8088359019
9096082348
8130784851
8285140647
9650967281
9370992574
9778200669
8349614214
6001906981
9779511842
3443983682
8726848407
9642424398
8219313763
7856073230
3400868977
8619551212
3108857515
4185602882
3137989187
1314383465
8702925088
4798000091
9922944402
3062954131
8767264620
9905044716
9504232378
8936808148
9199677298
6390449373
8089778275
9528864599
8534988800
9421854322
9322217764
7796265241
7058419642
3070855423
8789658619
8383822875
8789606865
7033749838
3423438524
9823413834
6396084836
8097235564
7248331785
7870468320
8389070245
4183138148
8100466685
6292732554
9125539867
9263862153
6143558891
5034069870
9625742194
1744352599
8694147942
3154364876
7044455027
8949316543
6378908279
9041241606
9120632783
9059606817
3105376864
9950138862
9059606817
8331905675
8985895640
9120632783
9284995746
8792642382
7010373351
6198153819
6181538189
8146854023
7872771972
7906997299
7752510205
8233201783
8430006512
6301078857
9334779243
8943121064
6387779874
8865018130
1277152117
3171196858
9731536907
9781032933
3312863870
9904985752
7828790089
8709920337
8287559381
3206366271
9811052911
3331577489
5399663799
6583892855
8766491476
9368401366
8823866761
7736041227
8160747563
9321178746
9904275780
8240910727
9315803705
3327689490
9625244048
8178434356
9712260745
9956826501
9625244048
9956826501
9411842825
9123235529
9509294514
9982548103
9799744168
6387092168
7542090316
8484948174
9648351604
3146563623
7051831844
9050544106
6393021813
7417764344
9696355084
9336080002
9110930650
8521504270
9771798949
8957372961
3446112946
5525925298
9508848932
9173469919
9621938134
8072728820
3190837842
8171072486
9362289439
9361044287
9546584071
9906021347
9667032109
7857990413
8100198343
8824227845
6284739531
1705517196
7739271650
8539078705
6284739531
3253352201
3056095737
7498956867
8650460351
3440151602
7068654949
7703756570
5386188301
8757382733
9024500854
8950815572
6297544344
3440151602
3170595735
7061619165
7396575285
9399339031
7294818441
3495517948
9037802197
9563329539
8075143083
8882260002
9563329539
6303132057
9022444767
6269312980
7224891136
6202447993
3002286409
9354417506
7775869647
7411299652
7667161800
8810349607
9411388136
6387737900
9565556368
9817492947
9027630383
7980885646
8882016946
6239490892
6387511646
9835791995
8521698429
3434247858
7796118972
5496228171
6387511646
6692121241
3127882306
9016340329
7917102887
9585564232
9356448592
9892845154
9351184841
8084845219
9351184841
8595778514
8101213303
8918150438
7307146623
9336500262
9651267626
6353448368
9708578145
9983939110
9061313926
7760780561
7872765600
9484508787
9664789801
9995014650
6291031392
6005524765
8159907946
7872765600
9157100260
8058091201
9982188587
9122034826
1632527750
9696761290
3117870375
9021023183
7709417667
8228869812
9739769284
9381893240
9835409791
8875533613
9462703699
3019876765
8972920795
8490941840
7602412106
9381893240
8972920795
7602412106
6367320570
5526245626
8105521987
7763207716
5346011062
3272473562
8168563133
3093875312
7592000020
9753945276
9619992688
9820641118
8053735953
7878526570
7417782849
7007388040
9462703699
6371617435
9692358024
8210004569
9861453911
9258874359
9827933904
9861453911
8137818803
7703850091
9582015593
9595301547
6204898373
9673463802
7350671576
7602372525
7209397862
9827416481
7876577170
8208700647
9870976732
8851572635
7982394467
8140396176
9102047376
7999734306
8747377466
6238733072
9022343516
3449649855
3349214557
6350389193
7726661641
7304785442
8747377466
7304785442
9817690642
7810912385
9064523942
7988377534
9729006732
9106818404
7906142886
8368440873
9778364634
5510731130
9726975440
8780906841
8005453017
9652085647
5510731130
3014957421
9984025694
9080149066
3368255405
8292633761
9927284196
9636559462
6399048927
6393189638
9080149066
9324540357
7738090409
8459380164
9022797564
8927665679
9902879893
9341115374
1746659650
6005530581
8200575431
8767485953
6372454662
3494772970
9718722543
9366397288
9982651203
9019195488
8505931495
9510299781
7400243549
9793873628
9656699222
7507832993
7201063386
9951083536
7404463317
9607745094
3101001315
8042160060
6238271749
8879486248
8450029403
8080340145
8082942537
7066766072
6263339914
6396880223
7498802430
8767346529
9924559727
3182314693
3072984786
3115289862
7803009240
6251242141
8691058162
5365451828
9080163984
9541613107
9643172220
9361504255
7803009240
3041196084
9852438594
9555743815
7676581200
3123429070
9638849999
9879472810
9537732108
9080660347
3208827745
3029754079
7876570568
8328428039
7025444367
3036717167
6235846939
9262627509
9109282777
7218914024
9593614152
9811892465
6355573675
9998843173
3096990199
7321042020
8768457768
9692338309
1789045422
8509003078
9081679757
1576664992
9303421359
9578289871
7011823824
3055505127
9135570480
9351610281
8178344805
8101347299
1840151763
8595844397
3055505127
6367655460
7499378393
9050697113
7666240591
9936505871
7025689753
8140460650
7577063346
3044200888
9946356057
9661811308
9939165356
7017027320
3203864950
9963810617
3017699420
9037102223
1723169181
7353859809
3147201927
9910398714
8920034911
9057249505
9601575799
9037102223
9059887763
8763139309
6375707799
9718013439
9353403019
9567696429
8290337485
9707658574
8714379067
7011872279
9408472227
9351565979
7359017389
7291959312
3200411680
9711475238
9716716588
8527509451
9408472227
8000271001
9507231407
9532802493
6185120269
8109847870
8955621464
7739069623
9126814998
2211332221
8129126873
8806878463
8295556514
9890644325
9359543430
8595709762
7287894390
7845304055
3418526723
3425665208
3200106618
9875509219
7086903258
9711341875
9711341865
8817210038
9693536970
6584740442
9361454585
8770823252
8440825731
9351338029
6204372216
6375194201
9361454585
7019692078
6143558891
9938379883
8770823252
7470505318
9315871605
5545019654
9361454585
8272891195
7619408618
3100879798
7599060462
9864118215
6201996506
9417263289
9464061500
3116653269
9464061500
9654180146
9547068256
8617891988
6306037683
7987294782
8295134703
6396820570
6290189243
9572189324
9891125555
8576851744
9313903599
6264760057
3466267770
3170719573
9717708716
8490030150
8709201948
8218995759
9911659995
8901617045
7016321440
8302135878
9564651917
7338351308
7076186819
9083498618
9842705779
9303632960
9339248820
8755492526
6291540879
8439231530
8509426979
8372969744
7667806598
9036308540
3079297800
7871387502
9313340211
9762277498
7977193185
9567355328
8483982472
8168261504
9619424195
7729078223
9619424195
9465228079
7621935044
8461091149
8590883364
8853926253
8966856380
6282219496
9063785010
7751864789
7057057305
7999951077
1280204054
6290789286
8317518722
9749491883
8287670697
9409545835
7249341574
9142858443
7435012637
8200234317
9142858443
7877503623
9121563120
9465228079
9617273111
7717616770
9761294803
8369486680
8822066456
9369523932
9161940161
6283605754
9063785010
9091363843
6382763564
9177653899
9142858443
8966856380
7037866249
9121563120
9044038916
1312285525
8748811777
9787309232
9849702921
8483982472
7007747998
1633443860
9386605884
9147881085
8966856380
9946092710
9927350883
9693148634
6395535320
8449313419
9045706758
8966856380
9002898047
8955009655
9371970767
9549676476
6367814198
8966856380
7842330017
9911439066
8179123785
7053812603
9005315675
9415008961
9453013538
8293545238
9989960707
6200580887
6361009660
7303294101
9381583020
7383346543
8767792023
8354904588
1313944902
8414907848
